111160 0 27
111160 1 27
111160 2 27
111160 3 27
111160 4 27
111160 5 27
111161 0 27
111161 1 27
111161 2 27
111161 3 27
111161 4 27
111162 0 27
111162 1 27
111162 2 27
111162 3 27
111162 4 27
111163 0 27
111163 1 27
111163 2 27
111163 3 27
111163 4 27
111164 0 27
111164 1 27
111164 2 27
111164 3 27
111164 4 27
111165 0 27
111165 1 27
111165 2 27
111165 3 27
111165 4 27
111166 0 27
111166 1 27
111166 2 27
111166 3 27
111166 4 27
111167 0 27
111167 1 27
111167 2 27
111167 3 27
111167 4 27
111168 0 27
111168 1 27
111168 2 27
111168 3 27
111168 4 27
111169 0 27
111169 1 27
111169 2 27
111169 3 27
111169 4 27
111170 1 27
111170 2 27
111170 3 27
111170 4 27
111170 5 27
111170 6 27
111170 0 27
111171 1 27
111171 2 27
111171 3 27
111171 4 27
111171 5 27
111171 0 27
111172 1 27
111172 2 27
111172 3 27
111172 4 27
111172 5 27
111172 0 27
111173 1 27
111173 2 27
111173 3 27
111173 4 27
111173 5 27
111173 0 27
111174 1 27
111174 0 27
111175 1 27
111175 2 27
111175 3 27
111175 4 27
111175 0 27
111176 1 27
111176 2 27
111176 3 27
111176 4 27
111176 5 27
111176 0 27
111177 1 27
111177 2 27
111177 3 27
111177 4 27
111177 5 27
111177 0 27
111178 1 27
111178 2 27
111178 3 27
111178 4 27
111178 5 27
111178 0 27
111179 1 27
111179 2 27
111179 3 27
111179 4 27
111179 5 27
111179 0 27
111180 1 27
111180 2 27
111180 3 27
111180 0 27
111181 1 27
111181 2 27
111181 3 27
111181 4 27
111181 5 27
111181 0 27
111182 1 27
111182 2 27
111182 3 27
111182 4 27
111182 5 27
111182 0 27
111183 1 27
111183 2 27
111183 3 27
111183 0 27
111184 1 27
111184 2 27
111184 3 27
111184 4 27
111184 5 27
111184 0 27
111186 1 27
111186 2 27
111186 3 27
111186 4 27
111186 5 27
111186 0 27
111187 1 27
111187 2 27
111187 0 27
111188 1 27
111188 2 27
111188 3 27
111188 4 27
111188 5 27
111188 0 27
111189 1 27
111189 2 27
111189 3 27
111189 4 27
111189 5 27
111189 0 27
111190 1 27
111190 2 27
111190 3 27
111190 4 27
111190 5 27
111190 0 27
111191 1 27
111191 2 27
111191 3 27
111191 4 27
111191 5 27
111191 0 27
111192 1 27
111192 2 27
111192 3 27
111192 4 27
111192 5 27
111192 6 27
111192 0 27
111193 1 27
111193 2 27
111193 3 27
111193 4 27
111193 5 27
111193 0 27
111194 1 27
111194 2 27
111194 3 27
111194 4 27
111194 0 27
111195 1 27
111195 2 27
111195 3 27
111195 4 27
111195 5 27
111195 0 27
111196 1 27
111196 2 27
111196 3 27
111196 4 27
111196 5 27
111196 6 27
111196 0 27
111197 1 27
111197 2 27
111197 3 27
111197 4 27
111197 5 27
111197 0 27
111198 1 27
111198 2 27
111198 3 27
111198 4 27
111198 0 27
111199 1 27
111199 2 27
111199 3 27
111199 4 27
111199 5 27
111199 0 27
111203 0 27
111203 1 27
111203 2 27
111203 3 27
111203 4 27
111204 0 27
111204 1 27
111204 2 27
111204 3 27
111204 4 27
111205 0 27
111205 1 27
111205 2 27
111205 3 27
111205 4 27
111206 0 27
111206 1 27
111206 2 27
111206 3 27
111206 4 27
111207 0 27
111207 1 27
111207 2 27
111207 3 27
111207 4 27
111208 0 27
111208 1 27
111208 2 27
111208 3 27
111208 4 27
111209 0 27
111209 1 27
111209 2 27
111209 3 27
111209 4 27
111210 0 27
111211 0 27
111211 1 27
111211 2 27
111211 3 27
111211 4 27
111212 0 27
111212 1 27
111212 2 27
111212 3 27
111212 4 27
111213 0 27
111213 1 27
111213 2 27
111213 3 27
111213 4 27
111214 0 27
111214 1 27
111214 2 27
111214 3 27
111214 4 27
111215 0 27
111215 1 27
111215 2 27
111215 3 27
111215 4 27
111216 0 27
111216 1 27
111216 2 27
111216 3 27
111216 4 27
111217 0 27
111217 1 27
111217 2 27
111217 3 27
111217 4 27
111218 0 27
111218 1 27
111218 2 27
111218 3 27
111218 4 27
111219 0 27
111219 1 27
111219 2 27
111219 3 27
111219 4 27
111220 2 27
111480 1 27
111480 2 27
111480 0 27
111481 1 27
111481 2 27
111481 0 27
111482 1 27
111482 2 27
111482 0 27
111483 0 27
111484 1 27
111484 2 27
111484 3 27
111484 0 27
111485 1 27
111485 2 27
111485 0 27
111486 0 27
111487 1 27
111487 2 27
111487 0 27
111488 1 27
111488 2 27
111488 0 27
111489 1 27
111489 2 27
111489 0 27
111490 1 27
111490 2 27
111490 0 27
111491 1 27
111491 2 27
111491 0 27
111492 1 27
111492 2 27
111492 0 27
111493 1 27
111493 2 27
111493 0 27
111494 1 27
111494 2 27
111494 0 27
111495 0 27
111498 1 27
111498 0 27
111499 1 27
111499 2 27
111499 0 27
111500 1 27
111500 0 27
111501 1 27
111501 2 27
111501 0 27
111502 1 27
111502 2 27
111502 3 27
111502 0 27
111503 1 27
111503 2 27
111503 0 27
111504 1 27
111504 2 27
111504 0 27
111505 1 27
111505 2 27
111505 0 27
111506 1 27
111506 2 27
111506 0 27
111507 1 27
111507 2 27
111507 0 27
111508 1 27
111508 2 27
111508 3 27
111508 0 27
111509 1 27
111509 2 27
111509 0 27
111510 1 27
111510 2 27
111510 0 27
111511 1 27
111511 2 27
111511 3 27
111511 0 27
111512 1 27
111512 2 27
111512 0 27
111513 1 27
111513 2 27
111513 0 27
111514 1 27
111514 2 27
111514 3 27
111514 0 27
111515 1 27
111515 2 27
111515 0 27
111516 1 27
111516 2 27
111516 0 27
111517 1 27
111517 2 27
111517 3 27
111517 0 27
111518 1 27
111518 2 27
111518 0 27
111519 1 27
111519 2 27
111519 0 27
111520 1 27
111520 2 27
111520 0 27
111521 1 27
111521 2 27
111521 0 27
111522 1 27
111522 2 27
111522 3 27
111522 0 27
111523 1 27
111523 2 27
111523 3 27
111523 0 27
111524 1 27
111524 2 27
111524 3 27
111524 0 27
111525 1 27
111525 0 27
111531 1 27
111531 2 27
111531 3 27
111531 0 27
111532 1 27
111532 2 27
111532 0 27
111533 1 27
111533 2 27
111533 0 27
111534 1 27
111534 2 27
111534 0 27
111535 1 27
111535 2 27
111535 0 27
111536 1 27
111536 2 27
111536 0 27
111537 1 27
111537 2 27
111537 0 27
111538 1 27
111538 0 27
111539 1 27
111539 2 27
111539 0 27
111540 1 27
111540 2 27
111540 0 27
111541 1 27
111541 2 27
111541 0 27
111542 1 27
111542 2 27
111542 0 27