111221 0 3
111221 1 3
111221 2 3
111222 0 3
111222 1 3
111222 2 3
111222 3 3
111222 4 3
111222 5 3
111223 0 3
111223 1 3
111223 2 3
111223 3 3
111223 4 3
111223 5 3
111223 6 3
111223 7 3
111224 0 3
111225 0 3
111226 0 3
111226 1 3
111226 2 3
111226 3 3
111226 4 3
111226 5 3
111227 0 3
111227 1 3
111227 2 3
111227 3 3
111227 4 3
111228 0 3
111228 1 3
111228 2 3
111229 0 3
111229 1 3
111229 2 3
111229 3 3
111229 4 3
111230 0 3
111230 1 3
111230 2 3
111230 3 3
111230 4 3
111230 5 3
111231 0 3
111231 1 3
111231 2 3
111231 3 3
111231 4 3
111231 5 3
111231 6 3
111232 0 3
111232 1 3
111232 2 3
111232 3 3
111232 4 3
111232 5 3
111233 0 3
111233 1 3
111233 2 3
111233 3 3
111233 4 3
111233 5 3
111234 0 3
111234 1 3
111234 2 3
111234 3 3
111234 4 3
111234 5 3
111235 0 3
111235 1 3
111235 2 3
111235 3 3
111235 4 3
111236 0 3
111236 1 3
111236 2 3
111236 3 3
111236 4 3
111236 5 3
111237 0 3
111238 0 3
111238 1 3
111238 2 3
111238 3 3
111238 4 3
111238 5 3
111239 0 3
111239 1 3
111239 2 3
111239 3 3
111239 4 3
111240 0 3
111240 1 3
111240 2 3
111240 3 3
111240 4 3
111241 0 3
111241 1 3
111241 2 3
111241 3 3
111241 4 3
111242 0 3
111242 1 3
111242 2 3
111242 3 3
111242 4 3
111242 5 3
111243 0 3
111243 1 3
111243 2 3
111243 3 3
111243 4 3
111243 5 3
111244 0 3
111244 1 3
111244 2 3
111244 3 3
111244 4 3
111244 5 3
111245 0 3
111245 1 3
111245 2 3
111245 3 3
111245 4 3
111246 0 3
111246 1 3
111246 2 3
111246 3 3
111246 4 3
111247 0 3
111247 1 3
111247 2 3
111247 3 3
111247 4 3
111248 0 3
111248 1 3
111248 2 3
111248 3 3
111248 4 3
111249 0 3
111249 1 3
111249 2 3
111249 3 3
111249 4 3
111250 0 3
111250 1 3
111250 2 3
111250 3 3
111250 4 3
111251 0 3
111251 1 3
111251 2 3
111251 3 3
111251 4 3
111252 0 3
111252 1 3
111252 2 3
111252 3 3
111252 4 3
111252 5 3
111253 0 3
111253 1 3
111253 2 3
111253 3 3
111253 4 3
111254 0 3
111254 1 3
111254 2 3
111254 3 3
111254 4 3
111254 5 3
111254 6 3
111255 0 3
111256 0 3
111256 1 3
111256 2 3
111256 3 3
111256 4 3
111256 5 3
111257 0 3
111257 1 3
111257 2 3
111257 3 3
111257 4 3
111258 0 3
111258 1 3
111258 2 3
111258 3 3
111258 4 3
111258 5 3
111259 0 3
111259 1 3
111259 2 3
111259 3 3
111259 4 3
111260 0 3
111260 1 3
111260 2 3
111260 3 3
111260 4 3
111260 5 3
111261 0 3
111261 1 3
111262 0 3
111262 1 3
111262 2 3
111262 3 3
111262 4 3
111263 0 3
111263 1 3
111263 2 3
111263 3 3
111267 0 3
111267 1 3
111267 2 3
111268 0 3
111268 1 3
111268 2 3
111268 3 3
111268 4 3
111268 5 3
111269 0 3
111269 1 3
111269 2 3
111269 3 3
111269 4 3
111269 5 3
111270 0 3
111270 1 3
111271 0 3
111271 1 3
111271 2 3
111271 3 3
111271 4 3
111271 5 3
111272 0 3
111272 1 3
111272 2 3
111272 3 3
111272 4 3
111273 0 3
111273 1 3
111273 2 3
111273 3 3
111273 4 3
111273 5 3
111274 0 3
111274 1 3
111274 2 3
111274 3 3
111274 4 3
111274 5 3
111275 0 3
111275 1 3
111275 2 3
111275 3 3
111275 4 3
111276 0 3
111276 1 3
111276 2 3
111276 3 3
111276 4 3
111276 5 3
111277 0 3
111277 1 3
111277 2 3
111277 3 3
111277 4 3
111277 5 3
111278 0 3
111278 1 3
111278 2 3
111280 0 3
111280 1 3
111280 2 3
111280 3 3
111280 4 3
111281 0 3
111281 1 3
111281 2 3
111281 3 3
111281 4 3
111281 5 3
111282 0 3
111282 1 3
111282 2 3
111282 3 3
111282 4 3
111282 5 3
111283 0 3
111283 1 3
111283 2 3
111283 3 3
111283 4 3
111283 5 3
111284 0 3
111284 1 3
111284 2 3
111284 3 3
111284 4 3
111285 0 3
111285 1 3
111285 2 3
111285 3 3
111285 4 3
111286 0 3
111286 1 3
111286 2 3
111286 3 3
111286 4 3
111287 0 3
111287 1 3
111287 2 3
111287 3 3
111288 0 3
111288 1 3
111289 0 3
111289 1 3
111289 2 3
111289 3 3
111289 4 3
111290 0 3
111290 1 3
111290 2 3
111290 3 3
111290 4 3
111291 0 3
111291 1 3
111294 0 3
111294 1 3
111294 2 3
111294 3 3
111294 4 3
111295 0 3
111295 1 3
111295 2 3
111295 3 3
111295 4 3
111296 0 3
111296 1 3
111296 2 3
111296 3 3
111296 4 3
111296 5 3
111297 0 3
111297 1 3
111297 2 3
111297 3 3
111297 4 3
111298 0 3
111299 0 3
111299 1 3
111300 0 3
111300 1 3
111300 2 3
111300 3 3
111300 4 3
111300 5 3
111301 0 3
111301 1 3
111301 2 3
111301 3 3
111301 4 3
111301 5 3
111302 0 3
111302 1 3
111302 2 3
111302 3 3
111302 4 3
111302 5 3
111303 0 3
111303 1 3
111303 2 3
111303 3 3
111303 4 3
111303 5 3
111304 0 3
111304 1 3
111304 2 3
111304 3 3
111304 4 3
111304 5 3
111305 0 3
111305 1 3
111305 2 3
111305 3 3
111305 4 3
111305 5 3
111306 0 3
111306 1 3
111306 2 3
111306 3 3
111306 4 3
111307 0 3
111307 1 3
111307 2 3
111307 3 3
111307 4 3
111307 5 3
111308 0 3
111308 1 3
111308 2 3
111308 3 3
111308 4 3
111309 0 3
111309 1 3
111309 2 3
111309 3 3
111309 4 3
111310 0 3
111310 1 3
111310 2 3
111310 3 3
111310 4 3
111310 5 3
111311 0 3
111311 1 3
111311 2 3
111311 3 3
111311 4 3
111312 0 3
111313 0 3
111313 1 3
111313 2 3
111313 3 3
111313 4 3
111313 5 3
111314 0 3
111314 1 3
111314 2 3
111314 3 3
111314 4 3
111314 5 3
111315 0 3
111315 1 3
111316 0 3
111316 1 3
111316 2 3
111316 3 3
111316 4 3
111319 0 3
111319 1 3
111319 2 3
111319 3 3
111319 4 3
111319 5 3
111319 6 3
111320 0 3
111320 1 3
111320 2 3
111320 3 3
111320 4 3
111321 0 3
111321 1 3
111321 2 3
111321 3 3
111321 4 3
111321 5 3
111321 6 3
111332 0 3
111332 1 3
111332 2 3
111333 0 3
111333 1 3
111333 2 3
111334 0 3
111334 1 3
111334 2 3
111335 0 3
111335 1 3
111335 2 3
111336 0 3
111336 1 3
111336 2 3
111337 0 3
111337 1 3
111337 2 3
111338 0 3
111338 1 3
111338 2 3
111339 0 3
111340 0 3
111340 1 3
111341 0 3
111341 1 3
111341 2 3
111342 0 3
111342 1 3
111342 2 3
111343 0 3
111343 1 3
111343 2 3
111344 0 3
111344 1 3
111344 2 3
111345 0 3
111345 1 3
111345 2 3
111346 0 3
111346 1 3
111346 2 3
111347 0 3
111347 1 3
111347 2 3
111348 0 3
111348 1 3
111348 2 3
111349 0 3
111349 1 3
111349 2 3
111350 0 3
111350 1 3
111350 2 3
111351 0 3
111351 1 3
111352 0 3
111352 1 3
111353 0 3
111353 1 3
111353 2 3
111354 0 3
111354 1 3
111354 2 3
111355 0 3
111355 1 3
111355 2 3
111356 0 3
111364 0 3
111364 1 3
111365 0 3
111366 0 3
111366 1 3
111366 2 3
111367 0 3
111367 1 3
111367 2 3
111368 0 3
111368 1 3
111369 0 3
111369 1 3
111369 2 3
111370 0 3
111370 1 3
111370 2 3
111371 0 3
111371 1 3
111371 2 3
111372 0 3
111372 1 3
111372 2 3
111373 0 3
111373 1 3
111373 2 3
111374 0 3
111374 1 3
111374 2 3
111375 0 3
111375 1 3
111375 2 3
111376 0 3
111376 1 3
111376 2 3
111377 0 3
111377 1 3
111377 2 3
111378 0 3
111378 1 3
111378 2 3
111379 0 3
111380 0 3
111381 0 3
111381 1 3
111381 2 3
111382 0 3
111382 1 3
111382 2 3
111383 0 3
111383 1 3
111383 2 3
111384 0 3
111384 1 3
111384 2 3
111385 0 3
111385 1 3
111385 2 3
111386 0 3
111386 1 3
111386 2 3
111387 0 3
111387 1 3
111387 2 3
111388 0 3
111391 0 3
111391 1 3
111391 2 3
111392 0 3
111392 1 3
111392 2 3
111393 0 3
111393 1 3
111393 2 3
111394 0 3
111394 1 3
111394 2 3
111395 0 3
111395 1 3
111395 2 3
111396 0 3
111396 1 3
111396 2 3
111397 0 3
111397 1 3
111397 2 3
111398 0 3
111398 1 3
111398 2 3
111399 0 3
111399 1 3
111399 2 3
111400 0 3
111400 1 3
111400 2 3
111401 0 3
111401 1 3
111401 2 3
111402 0 3
111402 1 3
111402 2 3
111403 0 3
111403 1 3
111403 2 3
111404 0 3
111404 1 3
111404 2 3
111405 0 3
111405 1 3
111405 2 3
111406 0 3
111406 1 3
111406 2 3
111407 0 3
111407 1 3
111407 2 3
111408 0 3
111408 1 3
111408 2 3
111409 0 3
111409 1 3
111409 2 3
111410 0 3
111410 1 3
111410 2 3
111411 0 3
111411 1 3
111411 2 3
111412 0 3
111412 1 3
111412 2 3
111413 0 3
111413 1 3
111413 2 3
111414 0 3
111414 1 3
111414 2 3
111415 0 3
111415 1 3
111416 0 3
111416 1 3
111416 2 3
111417 0 3
111418 0 3
111418 1 3
111418 2 3
111419 0 3
111419 1 3
111419 2 3
111420 0 3
111421 0 3
111421 1 3
111421 2 3
111422 0 3
111422 1 3
111422 2 3
111423 0 3
111423 1 3
111423 2 3
111424 0 3
111424 1 3
111424 2 3
111425 0 3
111425 1 3
111425 2 3
111426 0 3
111426 1 3
111426 2 3
111427 0 3
111427 1 3
111427 2 3
111428 0 3
111428 1 3
111428 2 3
111429 0 3
111429 1 3
111429 2 3
111430 0 3
111430 1 3
111430 2 3
111431 0 3
111431 1 3
111431 2 3
111432 0 3
111432 1 3
111432 2 3
111433 0 3
111433 1 3
111433 2 3
111434 0 3
111434 1 3
111434 2 3
111435 0 3
111435 1 3
111435 2 3
111436 0 3
111436 1 3
111436 2 3
111436 3 3
111437 0 3
111437 1 3
111437 2 3
111438 0 3
111438 1 3
111438 2 3
111439 0 3
111439 1 3
111439 2 3
111440 0 3
111440 1 3
111440 2 3
111441 0 3
111441 1 3
111441 2 3
111442 0 3
111442 1 3
111442 2 3
111443 0 3
111443 1 3
111443 2 3
111444 0 3
111444 1 3
111444 2 3
111445 0 3
111445 1 3
111445 2 3
111446 0 3
111446 1 3
111446 2 3
111447 0 3
111447 1 3
111447 2 3
111448 0 3
111448 1 3
111448 2 3
111449 0 3
111449 1 3
111449 2 3
111450 0 3
111450 1 3
111450 2 3
111451 0 3
111451 1 3
111451 2 3
111452 0 3
111452 1 3
111452 2 3
111453 0 3
111453 1 3
111453 2 3
111454 0 3
111454 1 3
111454 2 3
111454 3 3
111455 0 3
111455 1 3
111455 2 3
111456 0 3
111456 1 3
111456 2 3
111457 0 3
111457 1 3
111457 2 3
111458 0 3
111458 1 3
111458 2 3
111459 0 3
111459 1 3
111459 2 3
111460 0 3
111460 1 3
111460 2 3
111461 0 3
111461 1 3
111461 2 3
111462 0 3
111462 1 3
111462 2 3
111463 0 3
111463 1 3
111464 0 3
111464 1 3
111464 2 3
111465 0 3
111465 1 3
111465 2 3
111466 0 3
111466 1 3
111466 2 3
111467 0 3
111472 0 3
111473 0 3
111473 1 3
111473 2 3
111474 0 3
111474 1 3
111474 2 3
111475 0 3
111475 1 3
111475 2 3
111476 0 3
111476 1 3
111476 2 3
111477 0 3
111477 1 3
111478 0 3
111478 1 3
111478 2 3
111479 0 3
111479 1 3
111479 2 3
111577 0 3
111577 1 3
111577 2 3
111578 0 3
111578 1 3
111578 2 3
111579 0 3
111580 0 3
111580 1 3
111580 2 3
111581 0 3
111581 1 3
111581 2 3
111582 0 3
111582 1 3
111582 2 3
111583 0 3
111583 1 3
111583 2 3
111584 0 3
111584 1 3
111584 2 3
111585 0 3
111585 1 3
111585 2 3
111586 0 3
111586 1 3
111586 2 3
111587 0 3
111587 1 3
111587 2 3
111588 0 3
111588 1 3
111588 2 3
111589 0 3
111589 1 3
111589 2 3
111590 0 3
111590 1 3
111590 2 3
111591 0 3
111591 1 3
111591 2 3
111592 0 3
111593 0 3
111593 1 3
111593 2 3
111594 0 3
111594 1 3
111594 2 3
111595 0 3
111595 1 3
111595 2 3
111596 0 3
111597 0 3
111597 1 3
111597 2 3
111598 0 3
111598 1 3
111598 2 3
111599 0 3
111599 1 3
111599 2 3
111600 0 3
111600 1 3
111600 2 3
111601 0 3
111601 1 3
111601 2 3
111602 0 3
111602 1 3
111602 2 3
111603 0 3
111603 1 3
111603 2 3
111603 3 3
111604 0 3
111604 1 3
111604 2 3
111605 0 3
111605 1 3
111605 2 3
111606 0 3
111606 1 3
111606 2 3
111607 0 3
111607 1 3
111607 2 3
111608 0 3
111608 1 3
111608 2 3
111609 0 3
111609 1 3
111609 2 3
111610 0 3
111610 1 3
111610 2 3
111611 0 3
111611 1 3
111611 2 3
111612 0 3
111612 1 3
111612 2 3
111613 0 3
111613 1 3
111613 2 3
111614 0 3
111614 1 3
111614 2 3
111615 0 3
111615 1 3
111615 2 3
111616 0 3
111616 1 3
111616 2 3
111617 0 3
111617 1 3
111617 2 3
111618 0 3
111618 1 3
111618 2 3
111619 0 3
111619 1 3
111619 2 3
111620 0 3
111623 0 3
111624 0 3
111624 1 3
111624 2 3
111625 0 3
111625 1 3
111625 2 3
111626 0 3
111626 1 3
111626 2 3
111627 0 3
111627 1 3
111627 2 3
111628 0 3
111628 1 3
111628 2 3
111629 0 3
111629 1 3
111629 2 3
111631 0 3
111631 1 3
111631 2 3
111632 0 3
111632 1 3
111632 2 3
111633 0 3
111633 1 3
111633 2 3
111634 0 3
111634 1 3
111634 2 3
111635 0 3
111635 1 3
111635 2 3
111636 0 3
111636 1 3
111636 2 3
111637 0 3
111637 1 3
111637 2 3
111638 0 3
111638 1 3
111638 2 3
111638 3 3
111639 0 3
111639 1 3
111639 2 3
111640 0 3
111640 1 3
111640 2 3
111641 0 3
111641 1 3
111647 0 3
111647 1 3
111647 2 3
111648 0 3
111648 1 3
111648 2 3
111649 0 3
111649 1 3
111649 2 3
111650 0 3
111650 1 3
111650 2 3
111651 0 3
111652 0 3
111652 1 3
111652 2 3
111653 0 3
111653 1 3
111655 0 3
111655 1 3
111655 2 3
111656 0 3
111656 1 3
111656 2 3
111657 0 3
111657 1 3
111657 2 3
111658 0 3
111658 1 3
111658 2 3
111659 0 3
111659 1 3
111659 2 3
111660 0 3
111660 1 3
111660 2 3
111661 0 3
111661 1 3
111661 2 3
111662 0 3
111662 1 3
111662 2 3
111663 0 3
111663 1 3
111663 2 3
111664 0 3
111664 1 3
111664 2 3
111665 0 3
111665 1 3
111665 2 3
111666 0 3
111666 1 3
111666 2 3
111667 0 3
111668 0 3
111668 1 3
111668 2 3
111669 0 3
111669 1 3
111669 2 3
111670 0 3
111670 1 3
111670 2 3
111671 0 3
111671 1 3
111671 2 3
111672 0 3
111672 1 3
111672 2 3
111673 0 3
111673 1 3
111673 2 3
111674 0 3
111674 1 3
111674 2 3
111675 0 3
111675 1 3
111675 2 3
111676 0 3
111676 1 3
111676 2 3
111677 0 3
111677 1 3
111677 2 3
111678 0 3
111678 1 3
111678 2 3
111679 0 3
111679 1 3
111679 2 3
111680 0 3
111680 1 3
111680 2 3
111681 0 3
111683 0 3
111683 1 3
111683 2 3
111684 0 3
111684 1 3
111684 2 3
111685 0 3
111685 1 3
111685 2 3
111686 0 3
111686 1 3
111686 2 3
111687 0 3
111687 1 3
111687 2 3
111688 0 3
111689 0 3
111689 1 3
111689 2 3
111690 0 3
111691 0 3
111692 0 3
111693 0 3
111693 1 3
111693 2 3
111694 0 3
111694 1 3
111694 2 3
111695 0 3
111695 1 3
111695 2 3
111696 0 3
111696 1 3
111696 2 3
111697 0 3
111697 1 3
111697 2 3
111738 0 3
111738 1 3
111738 2 3
111739 0 3
111739 1 3
111739 2 3
111740 0 3
111740 1 3
111740 2 3
111741 0 3
111741 1 3
111744 0 3
111744 1 3
111744 2 3
111745 0 3
111745 1 3
111745 2 3
111746 0 3
111746 1 3
111746 2 3
111747 0 3
111747 1 3
111747 2 3
111748 0 3
111748 1 3
111748 2 3
111748 3 3
111749 0 3
111749 1 3
111749 2 3
111750 0 3
111750 1 3
111750 2 3
111751 0 3
111751 1 3
111751 2 3
111751 3 3
111752 0 3
111752 1 3
111752 2 3
111753 0 3
111753 1 3
111753 2 3
111754 0 3
111754 1 3
111754 2 3
111754 3 3
111755 0 3
111755 1 3
111755 2 3
111756 0 3
111756 1 3
111756 2 3
111757 0 3
111758 0 3
111758 1 3
111758 2 3
111759 0 3
111759 1 3
111759 2 3
111760 0 3
111760 1 3
111760 2 3
111761 0 3
111761 1 3
111761 2 3
111762 0 3
111762 1 3
111762 2 3
111763 0 3
111763 1 3
111763 2 3
111764 0 3
111764 1 3
111764 2 3
111765 0 3
111765 1 3
111765 2 3
111766 0 3
111766 1 3
111766 2 3
111767 0 3
111767 1 3
111767 2 3
111768 0 3
111770 0 3
111770 1 3
111770 2 3
111771 0 3
111771 1 3
111771 2 3
111772 0 3
111772 1 3
111772 2 3
111773 0 3
111773 1 3
111773 2 3
111773 3 3
111774 0 3
111774 1 3
111774 2 3
111775 0 3
111775 1 3
111775 2 3
111776 0 3
111776 1 3
111776 2 3
111777 0 3
111777 1 3
111777 2 3
111778 0 3
111778 1 3
111778 2 3
111779 0 3
111779 1 3
111780 0 3
111780 1 3
111780 2 3
111781 0 3
111781 1 3
111781 2 3
111782 0 3
111782 1 3
111782 2 3
111783 0 3
111783 1 3
111783 2 3
111784 0 3
111784 1 3
111785 0 3
111785 1 3
111785 2 3
111786 0 3
111787 0 3
111787 1 3
111787 2 3
111788 0 3
111790 0 3
111790 1 3
111790 2 3
111791 0 3
111791 1 3
111791 2 3
111792 0 3
111792 1 3
111792 2 3
111793 0 3
111793 1 3
111793 2 3
111794 0 3
111794 1 3
111794 2 3
111795 0 3
111795 1 3
111795 2 3
111796 0 3
111796 1 3
111796 2 3
111797 0 3
111797 1 3
111797 2 3
111798 0 3
111798 1 3
111798 2 3
111799 0 3
111799 1 3
111799 2 3
111800 0 3
111800 1 3
111800 2 3
111801 0 3
111801 1 3
111801 2 3
111802 0 3
111802 1 3
111802 2 3
111803 0 3
111803 1 3
111803 2 3
111804 0 3
111804 1 3
111804 2 3
111805 0 3
111805 1 3
111805 2 3
111806 0 3
111806 1 3
111806 2 3
111807 0 3
111807 1 3
111807 2 3
111808 0 3
111808 1 3
111808 2 3
111809 0 3
111809 1 3
111809 2 3
111810 0 3
111810 1 3
111810 2 3
111811 0 3
111812 0 3
111812 1 3
111812 2 3
111813 0 3
111813 1 3
111813 2 3
111814 0 3
111814 1 3
111814 2 3
111815 0 3
111815 1 3
111815 2 3
111816 0 3
111816 1 3
111816 2 3
111817 0 3
111818 0 3
111818 1 3
111818 2 3
111819 0 3
111819 1 3
111819 2 3
111820 0 3
111820 1 3
111820 2 3
111822 0 3
111822 1 3
111822 2 3
111822 3 3
111823 0 3
111823 1 3
111823 2 3
111824 0 3
111824 1 3
111824 2 3
111825 0 3
111825 1 3
111825 2 3
111826 0 3
111826 1 3
111826 2 3
111827 0 3
111827 1 3
111827 2 3
111828 0 3
111828 1 3
111828 2 3
111829 0 3
111829 1 3
111829 2 3
111830 0 3
111830 1 3
111830 2 3
