111221 0 32
111221 1 32
111221 2 32
111222 0 32
111222 1 32
111222 2 32
111222 3 32
111222 4 32
111222 5 32
111223 0 32
111223 1 32
111223 2 32
111223 3 32
111223 4 32
111223 5 32
111223 6 32
111223 7 32
111224 0 32
111225 0 32
111226 0 32
111226 1 32
111226 2 32
111226 3 32
111226 4 32
111226 5 32
111227 0 32
111227 1 32
111227 2 32
111227 3 32
111227 4 32
111228 0 32
111228 1 32
111228 2 32
111229 0 32
111229 1 32
111229 2 32
111229 3 32
111229 4 32
111230 0 32
111230 1 32
111230 2 32
111230 3 32
111230 4 32
111230 5 32
111231 0 32
111231 1 32
111231 2 32
111231 3 32
111231 4 32
111231 5 32
111231 6 32
111232 0 32
111232 1 32
111232 2 32
111232 3 32
111232 4 32
111232 5 32
111233 0 32
111233 1 32
111233 2 32
111233 3 32
111233 4 32
111233 5 32
111234 0 32
111234 1 32
111234 2 32
111234 3 32
111234 4 32
111234 5 32
111235 0 32
111235 1 32
111235 2 32
111235 3 32
111235 4 32
111236 0 32
111236 1 32
111236 2 32
111236 3 32
111236 4 32
111236 5 32
111237 0 32
111238 0 32
111238 1 32
111238 2 32
111238 3 32
111238 4 32
111238 5 32
111239 0 32
111239 1 32
111239 2 32
111239 3 32
111239 4 32
111240 0 32
111240 1 32
111240 2 32
111240 3 32
111240 4 32
111241 0 32
111241 1 32
111241 2 32
111241 3 32
111241 4 32
111242 0 32
111242 1 32
111242 2 32
111242 3 32
111242 4 32
111242 5 32
111243 0 32
111243 1 32
111243 2 32
111243 3 32
111243 4 32
111243 5 32
111244 0 32
111244 1 32
111244 2 32
111244 3 32
111244 4 32
111244 5 32
111245 0 32
111245 1 32
111245 2 32
111245 3 32
111245 4 32
111246 0 32
111246 1 32
111246 2 32
111246 3 32
111246 4 32
111247 0 32
111247 1 32
111247 2 32
111247 3 32
111247 4 32
111248 0 32
111248 1 32
111248 2 32
111248 3 32
111248 4 32
111249 0 32
111249 1 32
111249 2 32
111249 3 32
111249 4 32
111250 0 32
111250 1 32
111250 2 32
111250 3 32
111250 4 32
111251 0 32
111251 1 32
111251 2 32
111251 3 32
111251 4 32
111252 0 32
111252 1 32
111252 2 32
111252 3 32
111252 4 32
111252 5 32
111253 0 32
111253 1 32
111253 2 32
111253 3 32
111253 4 32
111254 0 32
111254 1 32
111254 2 32
111254 3 32
111254 4 32
111254 5 32
111254 6 32
111255 0 32
111256 0 32
111256 1 32
111256 2 32
111256 3 32
111256 4 32
111256 5 32
111257 0 32
111257 1 32
111257 2 32
111257 3 32
111257 4 32
111258 0 32
111258 1 32
111258 2 32
111258 3 32
111258 4 32
111258 5 32
111259 0 32
111259 1 32
111259 2 32
111259 3 32
111259 4 32
111260 0 32
111260 1 32
111260 2 32
111260 3 32
111260 4 32
111260 5 32
111261 0 32
111261 1 32
111262 0 32
111262 1 32
111262 2 32
111262 3 32
111262 4 32
111263 0 32
111263 1 32
111263 2 32
111263 3 32
111267 0 32
111267 1 32
111267 2 32
111268 0 32
111268 1 32
111268 2 32
111268 3 32
111268 4 32
111268 5 32
111269 0 32
111269 1 32
111269 2 32
111269 3 32
111269 4 32
111269 5 32
111270 0 32
111270 1 32
111271 0 32
111271 1 32
111271 2 32
111271 3 32
111271 4 32
111271 5 32
111272 0 32
111272 1 32
111272 2 32
111272 3 32
111272 4 32
111273 0 32
111273 1 32
111273 2 32
111273 3 32
111273 4 32
111273 5 32
111274 0 32
111274 1 32
111274 2 32
111274 3 32
111274 4 32
111274 5 32
111275 0 32
111275 1 32
111275 2 32
111275 3 32
111275 4 32
111276 0 32
111276 1 32
111276 2 32
111276 3 32
111276 4 32
111276 5 32
111277 0 32
111277 1 32
111277 2 32
111277 3 32
111277 4 32
111277 5 32
111278 0 32
111278 1 32
111278 2 32
111280 0 32
111280 1 32
111280 2 32
111280 3 32
111280 4 32
111281 0 32
111281 1 32
111281 2 32
111281 3 32
111281 4 32
111281 5 32
111282 0 32
111282 1 32
111282 2 32
111282 3 32
111282 4 32
111282 5 32
111283 0 32
111283 1 32
111283 2 32
111283 3 32
111283 4 32
111283 5 32
111284 0 32
111284 1 32
111284 2 32
111284 3 32
111284 4 32
111285 0 32
111285 1 32
111285 2 32
111285 3 32
111285 4 32
111286 0 32
111286 1 32
111286 2 32
111286 3 32
111286 4 32
111287 0 32
111287 1 32
111287 2 32
111287 3 32
111288 0 32
111288 1 32
111289 0 32
111289 1 32
111289 2 32
111289 3 32
111289 4 32
111290 0 32
111290 1 32
111290 2 32
111290 3 32
111290 4 32
111291 0 32
111291 1 32
111294 0 32
111294 1 32
111294 2 32
111294 3 32
111294 4 32
111295 0 32
111295 1 32
111295 2 32
111295 3 32
111295 4 32
111296 0 32
111296 1 32
111296 2 32
111296 3 32
111296 4 32
111296 5 32
111297 0 32
111297 1 32
111297 2 32
111297 3 32
111297 4 32
111298 0 32
111299 0 32
111299 1 32
111300 0 32
111300 1 32
111300 2 32
111300 3 32
111300 4 32
111300 5 32
111301 0 32
111301 1 32
111301 2 32
111301 3 32
111301 4 32
111301 5 32
111302 0 32
111302 1 32
111302 2 32
111302 3 32
111302 4 32
111302 5 32
111303 0 32
111303 1 32
111303 2 32
111303 3 32
111303 4 32
111303 5 32
111304 0 32
111304 1 32
111304 2 32
111304 3 32
111304 4 32
111304 5 32
111305 0 32
111305 1 32
111305 2 32
111305 3 32
111305 4 32
111305 5 32
111306 0 32
111306 1 32
111306 2 32
111306 3 32
111306 4 32
111307 0 32
111307 1 32
111307 2 32
111307 3 32
111307 4 32
111307 5 32
111308 0 32
111308 1 32
111308 2 32
111308 3 32
111308 4 32
111309 0 32
111309 1 32
111309 2 32
111309 3 32
111309 4 32
111310 0 32
111310 1 32
111310 2 32
111310 3 32
111310 4 32
111310 5 32
111311 0 32
111311 1 32
111311 2 32
111311 3 32
111311 4 32
111312 0 32
111313 0 32
111313 1 32
111313 2 32
111313 3 32
111313 4 32
111313 5 32
111314 0 32
111314 1 32
111314 2 32
111314 3 32
111314 4 32
111314 5 32
111315 0 32
111315 1 32
111316 0 32
111316 1 32
111316 2 32
111316 3 32
111316 4 32
111319 0 32
111319 1 32
111319 2 32
111319 3 32
111319 4 32
111319 5 32
111319 6 32
111320 0 32
111320 1 32
111320 2 32
111320 3 32
111320 4 32
111321 0 32
111321 1 32
111321 2 32
111321 3 32
111321 4 32
111321 5 32
111321 6 32
111332 0 32
111332 1 32
111332 2 32
111333 0 32
111333 1 32
111333 2 32
111334 0 32
111334 1 32
111334 2 32
111335 0 32
111335 1 32
111335 2 32
111336 0 32
111336 1 32
111336 2 32
111337 0 32
111337 1 32
111337 2 32
111338 0 32
111338 1 32
111338 2 32
111339 0 32
111340 0 32
111340 1 32
111341 0 32
111341 1 32
111341 2 32
111342 0 32
111342 1 32
111342 2 32
111343 0 32
111343 1 32
111343 2 32
111344 0 32
111344 1 32
111344 2 32
111345 0 32
111345 1 32
111345 2 32
111346 0 32
111346 1 32
111346 2 32
111347 0 32
111347 1 32
111347 2 32
111348 0 32
111348 1 32
111348 2 32
111349 0 32
111349 1 32
111349 2 32
111350 0 32
111350 1 32
111350 2 32
111351 0 32
111351 1 32
111352 0 32
111352 1 32
111353 0 32
111353 1 32
111353 2 32
111354 0 32
111354 1 32
111354 2 32
111355 0 32
111355 1 32
111355 2 32
111356 0 32
111364 0 32
111364 1 32
111365 0 32
111366 0 32
111366 1 32
111366 2 32
111367 0 32
111367 1 32
111367 2 32
111368 0 32
111368 1 32
111369 0 32
111369 1 32
111369 2 32
111370 0 32
111370 1 32
111370 2 32
111371 0 32
111371 1 32
111371 2 32
111372 0 32
111372 1 32
111372 2 32
111373 0 32
111373 1 32
111373 2 32
111374 0 32
111374 1 32
111374 2 32
111375 0 32
111375 1 32
111375 2 32
111376 0 32
111376 1 32
111376 2 32
111377 0 32
111377 1 32
111377 2 32
111378 0 32
111378 1 32
111378 2 32
111379 0 32
111380 0 32
111381 0 32
111381 1 32
111381 2 32
111382 0 32
111382 1 32
111382 2 32
111383 0 32
111383 1 32
111383 2 32
111384 0 32
111384 1 32
111384 2 32
111385 0 32
111385 1 32
111385 2 32
111386 0 32
111386 1 32
111386 2 32
111387 0 32
111387 1 32
111387 2 32
111388 0 32
111391 0 32
111391 1 32
111391 2 32
111392 0 32
111392 1 32
111392 2 32
111393 0 32
111393 1 32
111393 2 32
111394 0 32
111394 1 32
111394 2 32
111395 0 32
111395 1 32
111395 2 32
111396 0 32
111396 1 32
111396 2 32
111397 0 32
111397 1 32
111397 2 32
111398 0 32
111398 1 32
111398 2 32
111399 0 32
111399 1 32
111399 2 32
111400 0 32
111400 1 32
111400 2 32
111401 0 32
111401 1 32
111401 2 32
111402 0 32
111402 1 32
111402 2 32
111403 0 32
111403 1 32
111403 2 32
111404 0 32
111404 1 32
111404 2 32
111405 0 32
111405 1 32
111405 2 32
111406 0 32
111406 1 32
111406 2 32
111407 0 32
111407 1 32
111407 2 32
111408 0 32
111408 1 32
111408 2 32
111409 0 32
111409 1 32
111409 2 32
111410 0 32
111410 1 32
111410 2 32
111411 0 32
111411 1 32
111411 2 32
111412 0 32
111412 1 32
111412 2 32
111413 0 32
111413 1 32
111413 2 32
111414 0 32
111414 1 32
111414 2 32
111415 0 32
111415 1 32
111416 0 32
111416 1 32
111416 2 32
111417 0 32
111418 0 32
111418 1 32
111418 2 32
111419 0 32
111419 1 32
111419 2 32
111420 0 32
111421 0 32
111421 1 32
111421 2 32
111422 0 32
111422 1 32
111422 2 32
111423 0 32
111423 1 32
111423 2 32
111424 0 32
111424 1 32
111424 2 32
111425 0 32
111425 1 32
111425 2 32
111426 0 32
111426 1 32
111426 2 32
111427 0 32
111427 1 32
111427 2 32
111428 0 32
111428 1 32
111428 2 32
111429 0 32
111429 1 32
111429 2 32
111430 0 32
111430 1 32
111430 2 32
111431 0 32
111431 1 32
111431 2 32
111432 0 32
111432 1 32
111432 2 32
111433 0 32
111433 1 32
111433 2 32
111434 0 32
111434 1 32
111434 2 32
111435 0 32
111435 1 32
111435 2 32
111436 0 32
111436 1 32
111436 2 32
111436 3 32
111437 0 32
111437 1 32
111437 2 32
111438 0 32
111438 1 32
111438 2 32
111439 0 32
111439 1 32
111439 2 32
111440 0 32
111440 1 32
111440 2 32
111441 0 32
111441 1 32
111441 2 32
111442 0 32
111442 1 32
111442 2 32
111443 0 32
111443 1 32
111443 2 32
111444 0 32
111444 1 32
111444 2 32
111445 0 32
111445 1 32
111445 2 32
111446 0 32
111446 1 32
111446 2 32
111447 0 32
111447 1 32
111447 2 32
111448 0 32
111448 1 32
111448 2 32
111449 0 32
111449 1 32
111449 2 32
111450 0 32
111450 1 32
111450 2 32
111451 0 32
111451 1 32
111451 2 32
111452 0 32
111452 1 32
111452 2 32
111453 0 32
111453 1 32
111453 2 32
111454 0 32
111454 1 32
111454 2 32
111454 3 32
111455 0 32
111455 1 32
111455 2 32
111456 0 32
111456 1 32
111456 2 32
111457 0 32
111457 1 32
111457 2 32
111458 0 32
111458 1 32
111458 2 32
111459 0 32
111459 1 32
111459 2 32
111460 0 32
111460 1 32
111460 2 32
111461 0 32
111461 1 32
111461 2 32
111462 0 32
111462 1 32
111462 2 32
111463 0 32
111463 1 32
111464 0 32
111464 1 32
111464 2 32
111465 0 32
111465 1 32
111465 2 32
111466 0 32
111466 1 32
111466 2 32
111467 0 32
111472 0 32
111473 0 32
111473 1 32
111473 2 32
111474 0 32
111474 1 32
111474 2 32
111475 0 32
111475 1 32
111475 2 32
111476 0 32
111476 1 32
111476 2 32
111477 0 32
111477 1 32
111478 0 32
111478 1 32
111478 2 32
111479 0 32
111479 1 32
111479 2 32
111577 0 32
111577 1 32
111577 2 32
111578 0 32
111578 1 32
111578 2 32
111579 0 32
111580 0 32
111580 1 32
111580 2 32
111581 0 32
111581 1 32
111581 2 32
111582 0 32
111582 1 32
111582 2 32
111583 0 32
111583 1 32
111583 2 32
111584 0 32
111584 1 32
111584 2 32
111585 0 32
111585 1 32
111585 2 32
111586 0 32
111586 1 32
111586 2 32
111587 0 32
111587 1 32
111587 2 32
111588 0 32
111588 1 32
111588 2 32
111589 0 32
111589 1 32
111589 2 32
111590 0 32
111590 1 32
111590 2 32
111591 0 32
111591 1 32
111591 2 32
111592 0 32
111593 0 32
111593 1 32
111593 2 32
111594 0 32
111594 1 32
111594 2 32
111595 0 32
111595 1 32
111595 2 32
111596 0 32
111597 0 32
111597 1 32
111597 2 32
111598 0 32
111598 1 32
111598 2 32
111599 0 32
111599 1 32
111599 2 32
111600 0 32
111600 1 32
111600 2 32
111601 0 32
111601 1 32
111601 2 32
111602 0 32
111602 1 32
111602 2 32
111603 0 32
111603 1 32
111603 2 32
111603 3 32
111604 0 32
111604 1 32
111604 2 32
111605 0 32
111605 1 32
111605 2 32
111606 0 32
111606 1 32
111606 2 32
111607 0 32
111607 1 32
111607 2 32
111608 0 32
111608 1 32
111608 2 32
111609 0 32
111609 1 32
111609 2 32
111610 0 32
111610 1 32
111610 2 32
111611 0 32
111611 1 32
111611 2 32
111612 0 32
111612 1 32
111612 2 32
111613 0 32
111613 1 32
111613 2 32
111614 0 32
111614 1 32
111614 2 32
111615 0 32
111615 1 32
111615 2 32
111616 0 32
111616 1 32
111616 2 32
111617 0 32
111617 1 32
111617 2 32
111618 0 32
111618 1 32
111618 2 32
111619 0 32
111619 1 32
111619 2 32
111620 0 32
111623 0 32
111624 0 32
111624 1 32
111624 2 32
111625 0 32
111625 1 32
111625 2 32
111626 0 32
111626 1 32
111626 2 32
111627 0 32
111627 1 32
111627 2 32
111628 0 32
111628 1 32
111628 2 32
111629 0 32
111629 1 32
111629 2 32
111631 0 32
111631 1 32
111631 2 32
111632 0 32
111632 1 32
111632 2 32
111633 0 32
111633 1 32
111633 2 32
111634 0 32
111634 1 32
111634 2 32
111635 0 32
111635 1 32
111635 2 32
111636 0 32
111636 1 32
111636 2 32
111637 0 32
111637 1 32
111637 2 32
111638 0 32
111638 1 32
111638 2 32
111638 3 32
111639 0 32
111639 1 32
111639 2 32
111640 0 32
111640 1 32
111640 2 32
111641 0 32
111641 1 32
111647 0 32
111647 1 32
111647 2 32
111648 0 32
111648 1 32
111648 2 32
111649 0 32
111649 1 32
111649 2 32
111650 0 32
111650 1 32
111650 2 32
111651 0 32
111652 0 32
111652 1 32
111652 2 32
111653 0 32
111653 1 32
111655 0 32
111655 1 32
111655 2 32
111656 0 32
111656 1 32
111656 2 32
111657 0 32
111657 1 32
111657 2 32
111658 0 32
111658 1 32
111658 2 32
111659 0 32
111659 1 32
111659 2 32
111660 0 32
111660 1 32
111660 2 32
111661 0 32
111661 1 32
111661 2 32
111662 0 32
111662 1 32
111662 2 32
111663 0 32
111663 1 32
111663 2 32
111664 0 32
111664 1 32
111664 2 32
111665 0 32
111665 1 32
111665 2 32
111666 0 32
111666 1 32
111666 2 32
111667 0 32
111668 0 32
111668 1 32
111668 2 32
111669 0 32
111669 1 32
111669 2 32
111670 0 32
111670 1 32
111670 2 32
111671 0 32
111671 1 32
111671 2 32
111672 0 32
111672 1 32
111672 2 32
111673 0 32
111673 1 32
111673 2 32
111674 0 32
111674 1 32
111674 2 32
111675 0 32
111675 1 32
111675 2 32
111676 0 32
111676 1 32
111676 2 32
111677 0 32
111677 1 32
111677 2 32
111678 0 32
111678 1 32
111678 2 32
111679 0 32
111679 1 32
111679 2 32
111680 0 32
111680 1 32
111680 2 32
111681 0 32
111683 0 32
111683 1 32
111683 2 32
111684 0 32
111684 1 32
111684 2 32
111685 0 32
111685 1 32
111685 2 32
111686 0 32
111686 1 32
111686 2 32
111687 0 32
111687 1 32
111687 2 32
111688 0 32
111689 0 32
111689 1 32
111689 2 32
111690 0 32
111691 0 32
111692 0 32
111693 0 32
111693 1 32
111693 2 32
111694 0 32
111694 1 32
111694 2 32
111695 0 32
111695 1 32
111695 2 32
111696 0 32
111696 1 32
111696 2 32
111697 0 32
111697 1 32
111697 2 32
111738 0 32
111738 1 32
111738 2 32
111739 0 32
111739 1 32
111739 2 32
111740 0 32
111740 1 32
111740 2 32
111741 0 32
111741 1 32
111744 0 32
111744 1 32
111744 2 32
111745 0 32
111745 1 32
111745 2 32
111746 0 32
111746 1 32
111746 2 32
111747 0 32
111747 1 32
111747 2 32
111748 0 32
111748 1 32
111748 2 32
111748 3 32
111749 0 32
111749 1 32
111749 2 32
111750 0 32
111750 1 32
111750 2 32
111751 0 32
111751 1 32
111751 2 32
111751 3 32
111752 0 32
111752 1 32
111752 2 32
111753 0 32
111753 1 32
111753 2 32
111754 0 32
111754 1 32
111754 2 32
111754 3 32
111755 0 32
111755 1 32
111755 2 32
111756 0 32
111756 1 32
111756 2 32
111757 0 32
111758 0 32
111758 1 32
111758 2 32
111759 0 32
111759 1 32
111759 2 32
111760 0 32
111760 1 32
111760 2 32
111761 0 32
111761 1 32
111761 2 32
111762 0 32
111762 1 32
111762 2 32
111763 0 32
111763 1 32
111763 2 32
111764 0 32
111764 1 32
111764 2 32
111765 0 32
111765 1 32
111765 2 32
111766 0 32
111766 1 32
111766 2 32
111767 0 32
111767 1 32
111767 2 32
111768 0 32
111770 0 32
111770 1 32
111770 2 32
111771 0 32
111771 1 32
111771 2 32
111772 0 32
111772 1 32
111772 2 32
111773 0 32
111773 1 32
111773 2 32
111773 3 32
111774 0 32
111774 1 32
111774 2 32
111775 0 32
111775 1 32
111775 2 32
111776 0 32
111776 1 32
111776 2 32
111777 0 32
111777 1 32
111777 2 32
111778 0 32
111778 1 32
111778 2 32
111779 0 32
111779 1 32
111780 0 32
111780 1 32
111780 2 32
111781 0 32
111781 1 32
111781 2 32
111782 0 32
111782 1 32
111782 2 32
111783 0 32
111783 1 32
111783 2 32
111784 0 32
111784 1 32
111785 0 32
111785 1 32
111785 2 32
111786 0 32
111787 0 32
111787 1 32
111787 2 32
111788 0 32
111790 0 32
111790 1 32
111790 2 32
111791 0 32
111791 1 32
111791 2 32
111792 0 32
111792 1 32
111792 2 32
111793 0 32
111793 1 32
111793 2 32
111794 0 32
111794 1 32
111794 2 32
111795 0 32
111795 1 32
111795 2 32
111796 0 32
111796 1 32
111796 2 32
111797 0 32
111797 1 32
111797 2 32
111798 0 32
111798 1 32
111798 2 32
111799 0 32
111799 1 32
111799 2 32
111800 0 32
111800 1 32
111800 2 32
111801 0 32
111801 1 32
111801 2 32
111802 0 32
111802 1 32
111802 2 32
111803 0 32
111803 1 32
111803 2 32
111804 0 32
111804 1 32
111804 2 32
111805 0 32
111805 1 32
111805 2 32
111806 0 32
111806 1 32
111806 2 32
111807 0 32
111807 1 32
111807 2 32
111808 0 32
111808 1 32
111808 2 32
111809 0 32
111809 1 32
111809 2 32
111810 0 32
111810 1 32
111810 2 32
111811 0 32
111812 0 32
111812 1 32
111812 2 32
111813 0 32
111813 1 32
111813 2 32
111814 0 32
111814 1 32
111814 2 32
111815 0 32
111815 1 32
111815 2 32
111816 0 32
111816 1 32
111816 2 32
111817 0 32
111818 0 32
111818 1 32
111818 2 32
111819 0 32
111819 1 32
111819 2 32
111820 0 32
111820 1 32
111820 2 32
111822 0 32
111822 1 32
111822 2 32
111822 3 32
111823 0 32
111823 1 32
111823 2 32
111824 0 32
111824 1 32
111824 2 32
111825 0 32
111825 1 32
111825 2 32
111826 0 32
111826 1 32
111826 2 32
111827 0 32
111827 1 32
111827 2 32
111828 0 32
111828 1 32
111828 2 32
111829 0 32
111829 1 32
111829 2 32
111830 0 32
111830 1 32
111830 2 32
