111160 0
111160 1
111160 2
111160 3
111160 4
111160 5
111161 0
111161 1
111161 2
111161 3
111161 4
111162 0
111162 1
111162 2
111162 3
111162 4
111163 0
111163 1
111163 2
111163 3
111163 4
111164 0
111164 1
111164 2
111164 3
111164 4
111165 0
111165 1
111165 2
111165 3
111165 4
111166 0
111166 1
111166 2
111166 3
111166 4
111167 0
111167 1
111167 2
111167 3
111167 4
111168 0
111168 1
111168 2
111168 3
111168 4
111169 0
111169 1
111169 2
111169 3
111169 4
111170 1
111170 2
111170 3
111170 4
111170 5
111170 6
111170 0
111171 1
111171 2
111171 3
111171 4
111171 5
111171 0
111172 1
111172 2
111172 3
111172 4
111172 5
111172 0
111173 1
111173 2
111173 3
111173 4
111173 5
111173 0
111174 1
111174 0
111175 1
111175 2
111175 3
111175 4
111175 0
111176 1
111176 2
111176 3
111176 4
111176 5
111176 0
111177 1
111177 2
111177 3
111177 4
111177 5
111177 0
111178 1
111178 2
111178 3
111178 4
111178 5
111178 0
111179 1
111179 2
111179 3
111179 4
111179 5
111179 0
111180 1
111180 2
111180 3
111180 0
111181 1
111181 2
111181 3
111181 4
111181 5
111181 0
111182 1
111182 2
111182 3
111182 4
111182 5
111182 0
111183 1
111183 2
111183 3
111183 0
111184 1
111184 2
111184 3
111184 4
111184 5
111184 0
111186 1
111186 2
111186 3
111186 4
111186 5
111186 0
111187 1
111187 2
111187 0
111188 1
111188 2
111188 3
111188 4
111188 5
111188 0
111189 1
111189 2
111189 3
111189 4
111189 5
111189 0
111190 1
111190 2
111190 3
111190 4
111190 5
111190 0
111191 1
111191 2
111191 3
111191 4
111191 5
111191 0
111192 1
111192 2
111192 3
111192 4
111192 5
111192 6
111192 0
111193 1
111193 2
111193 3
111193 4
111193 5
111193 0
111194 1
111194 2
111194 3
111194 4
111194 0
111195 1
111195 2
111195 3
111195 4
111195 5
111195 0
111196 1
111196 2
111196 3
111196 4
111196 5
111196 6
111196 0
111197 1
111197 2
111197 3
111197 4
111197 5
111197 0
111198 1
111198 2
111198 3
111198 4
111198 0
111199 1
111199 2
111199 3
111199 4
111199 5
111199 0
111203 0
111203 1
111203 2
111203 3
111203 4
111204 0
111204 1
111204 2
111204 3
111204 4
111205 0
111205 1
111205 2
111205 3
111205 4
111206 0
111206 1
111206 2
111206 3
111206 4
111207 0
111207 1
111207 2
111207 3
111207 4
111208 0
111208 1
111208 2
111208 3
111208 4
111209 0
111209 1
111209 2
111209 3
111209 4
111210 0
111211 0
111211 1
111211 2
111211 3
111211 4
111212 0
111212 1
111212 2
111212 3
111212 4
111213 0
111213 1
111213 2
111213 3
111213 4
111214 0
111214 1
111214 2
111214 3
111214 4
111215 0
111215 1
111215 2
111215 3
111215 4
111216 0
111216 1
111216 2
111216 3
111216 4
111217 0
111217 1
111217 2
111217 3
111217 4
111218 0
111218 1
111218 2
111218 3
111218 4
111219 0
111219 1
111219 2
111219 3
111219 4
111220 2
111480 1
111480 2
111480 0
111481 1
111481 2
111481 0
111482 1
111482 2
111482 0
111483 0
111484 1
111484 2
111484 3
111484 0
111485 1
111485 2
111485 0
111486 0
111487 1
111487 2
111487 0
111488 1
111488 2
111488 0
111489 1
111489 2
111489 0
111490 1
111490 2
111490 0
111491 1
111491 2
111491 0
111492 1
111492 2
111492 0
111493 1
111493 2
111493 0
111494 1
111494 2
111494 0
111495 0
111498 1
111498 0
111499 1
111499 2
111499 0
111500 1
111500 0
111501 1
111501 2
111501 0
111502 1
111502 2
111502 3
111502 0
111503 1
111503 2
111503 0
111504 1
111504 2
111504 0
111505 1
111505 2
111505 0
111506 1
111506 2
111506 0
111507 1
111507 2
111507 0
111508 1
111508 2
111508 3
111508 0
111509 1
111509 2
111509 0
111510 1
111510 2
111510 0
111511 1
111511 2
111511 3
111511 0
111512 1
111512 2
111512 0
111513 1
111513 2
111513 0
111514 1
111514 2
111514 3
111514 0
111515 1
111515 2
111515 0
111516 1
111516 2
111516 0
111517 1
111517 2
111517 3
111517 0
111518 1
111518 2
111518 0
111519 1
111519 2
111519 0
111520 1
111520 2
111520 0
111521 1
111521 2
111521 0
111522 1
111522 2
111522 3
111522 0
111523 1
111523 2
111523 3
111523 0
111524 1
111524 2
111524 3
111524 0
111525 1
111525 0
111531 1
111531 2
111531 3
111531 0
111532 1
111532 2
111532 0
111533 1
111533 2
111533 0
111534 1
111534 2
111534 0
111535 1
111535 2
111535 0
111536 1
111536 2
111536 0
111537 1
111537 2
111537 0
111538 1
111538 0
111539 1
111539 2
111539 0
111540 1
111540 2
111540 0
111541 1
111541 2
111541 0
111542 1
111542 2
111542 0