111170 1
111170 2
111170 3
111170 4
111170 5
111170 6
111170 0
111171 1
111171 2
111171 3
111171 4
111171 5
111171 0
111172 1
111172 2
111172 3
111172 4
111172 5
111172 0
111173 1
111173 2
111173 3
111173 4
111173 5
111173 0
111174 1
111174 0
111175 1
111175 2
111175 3
111175 4
111175 0
111176 1
111176 2
111176 3
111176 4
111176 5
111176 0
111177 1
111177 2
111177 3
111177 4
111177 5
111177 0
111178 1
111178 2
111178 3
111178 4
111178 5
111178 0
111179 1
111179 2
111179 3
111179 4
111179 5
111179 0
111180 1
111180 2
111180 3
111180 0
111181 1
111181 2
111181 3
111181 4
111181 5
111181 0
111182 1
111182 2
111182 3
111182 4
111182 5
111182 0
111183 1
111183 2
111183 3
111183 0
111184 1
111184 2
111184 3
111184 4
111184 5
111184 0
111186 1
111186 2
111186 3
111186 4
111186 5
111186 0
111187 1
111187 2
111187 0
111188 1
111188 2
111188 3
111188 4
111188 5
111188 0
111189 1
111189 2
111189 3
111189 4
111189 5
111189 0
111190 1
111190 2
111190 3
111190 4
111190 5
111190 0
111191 1
111191 2
111191 3
111191 4
111191 5
111191 0
111192 1
111192 2
111192 3
111192 4
111192 5
111192 6
111192 0
111193 1
111193 2
111193 3
111193 4
111193 5
111193 0
111194 1
111194 2
111194 3
111194 4
111194 0
111195 1
111195 2
111195 3
111195 4
111195 5
111195 0
111196 1
111196 2
111196 3
111196 4
111196 5
111196 6
111196 0
111197 1
111197 2
111197 3
111197 4
111197 5
111197 0
111198 1
111198 2
111198 3
111198 4
111198 0
111199 1
111199 2
111199 3
111199 4
111199 5
111199 0