111203 0
111203 1
111203 2
111203 3
111203 4
111204 0
111204 1
111204 2
111204 3
111204 4
111205 0
111205 1
111205 2
111205 3
111205 4
111206 0
111206 1
111206 2
111206 3
111206 4
111207 0
111207 1
111207 2
111207 3
111207 4
111208 0
111208 1
111208 2
111208 3
111208 4
111209 0
111209 1
111209 2
111209 3
111209 4
111210 0
111211 0
111211 1
111211 2
111211 3
111211 4
111212 0
111212 1
111212 2
111212 3
111212 4
111213 0
111213 1
111213 2
111213 3
111213 4
111214 0
111214 1
111214 2
111214 3
111214 4
111215 0
111215 1
111215 2
111215 3
111215 4
111216 0
111216 1
111216 2
111216 3
111216 4
111217 0
111217 1
111217 2
111217 3
111217 4
111218 0
111218 1
111218 2
111218 3
111218 4
111219 0
111219 1
111219 2
111219 3
111219 4
111220 2