111508 1
111508 2
111508 3
111508 0
111509 1
111509 2
111509 0
111510 1
111510 2
111510 0
111511 1
111511 2
111511 3
111511 0
111512 1
111512 2
111512 0
111513 1
111513 2
111513 0
111514 1
111514 2
111514 3
111514 0
111515 1
111515 2
111515 0
111516 1
111516 2
111516 0
111517 1
111517 2
111517 3
111517 0
111518 1
111518 2
111518 0
111519 1
111519 2
111519 0
111520 1
111520 2
111520 0
111521 1
111521 2
111521 0
111522 1
111522 2
111522 3
111522 0
111523 1
111523 2
111523 3
111523 0
111524 1
111524 2
111524 3
111524 0