111221 0
111221 1
111221 2
111222 0
111222 1
111222 2
111222 3
111222 4
111222 5
111223 0
111223 1
111223 2
111223 3
111223 4
111223 5
111223 6
111223 7
111224 0
111225 0
111226 0
111226 1
111226 2
111226 3
111226 4
111226 5
111227 0
111227 1
111227 2
111227 3
111227 4
111228 0
111228 1
111228 2
111229 0
111229 1
111229 2
111229 3
111229 4
111230 0
111230 1
111230 2
111230 3
111230 4
111230 5
111231 0
111231 1
111231 2
111231 3
111231 4
111231 5
111231 6
111232 0
111232 1
111232 2
111232 3
111232 4
111232 5
111233 0
111233 1
111233 2
111233 3
111233 4
111233 5
111234 0
111234 1
111234 2
111234 3
111234 4
111234 5
111235 0
111235 1
111235 2
111235 3
111235 4
111236 0
111236 1
111236 2
111236 3
111236 4
111236 5
111237 0
111238 0
111238 1
111238 2
111238 3
111238 4
111238 5
111239 0
111239 1
111239 2
111239 3
111239 4
111240 0
111240 1
111240 2
111240 3
111240 4
111241 0
111241 1
111241 2
111241 3
111241 4
111242 0
111242 1
111242 2
111242 3
111242 4
111242 5
111243 0
111243 1
111243 2
111243 3
111243 4
111243 5
111244 0
111244 1
111244 2
111244 3
111244 4
111244 5
111245 0
111245 1
111245 2
111245 3
111245 4
111246 0
111246 1
111246 2
111246 3
111246 4
111247 0
111247 1
111247 2
111247 3
111247 4
111248 0
111248 1
111248 2
111248 3
111248 4
111249 0
111249 1
111249 2
111249 3
111249 4
111250 0
111250 1
111250 2
111250 3
111250 4
111251 0
111251 1
111251 2
111251 3
111251 4
111252 0
111252 1
111252 2
111252 3
111252 4
111252 5
111253 0
111253 1
111253 2
111253 3
111253 4
111254 0
111254 1
111254 2
111254 3
111254 4
111254 5
111254 6
111255 0
111256 0
111256 1
111256 2
111256 3
111256 4
111256 5
111257 0
111257 1
111257 2
111257 3
111257 4
111258 0
111258 1
111258 2
111258 3
111258 4
111258 5
111259 0
111259 1
111259 2
111259 3
111259 4
111260 0
111260 1
111260 2
111260 3
111260 4
111260 5
111261 0
111261 1
111262 0
111262 1
111262 2
111262 3
111262 4
111263 0
111263 1
111263 2
111263 3
111267 0
111267 1
111267 2
111268 0
111268 1
111268 2
111268 3
111268 4
111268 5
111269 0
111269 1
111269 2
111269 3
111269 4
111269 5
111270 0
111270 1
111271 0
111271 1
111271 2
111271 3
111271 4
111271 5
111272 0
111272 1
111272 2
111272 3
111272 4
111273 0
111273 1
111273 2
111273 3
111273 4
111273 5
111274 0
111274 1
111274 2
111274 3
111274 4
111274 5
111275 0
111275 1
111275 2
111275 3
111275 4
111276 0
111276 1
111276 2
111276 3
111276 4
111276 5
111277 0
111277 1
111277 2
111277 3
111277 4
111277 5
111278 0
111278 1
111278 2
111280 0
111280 1
111280 2
111280 3
111280 4
111281 0
111281 1
111281 2
111281 3
111281 4
111281 5
111282 0
111282 1
111282 2
111282 3
111282 4
111282 5
111283 0
111283 1
111283 2
111283 3
111283 4
111283 5
111284 0
111284 1
111284 2
111284 3
111284 4
111285 0
111285 1
111285 2
111285 3
111285 4
111286 0
111286 1
111286 2
111286 3
111286 4
111287 0
111287 1
111287 2
111287 3
111288 0
111288 1
111289 0
111289 1
111289 2
111289 3
111289 4
111290 0
111290 1
111290 2
111290 3
111290 4
111291 0
111291 1
111294 0
111294 1
111294 2
111294 3
111294 4
111295 0
111295 1
111295 2
111295 3
111295 4
111296 0
111296 1
111296 2
111296 3
111296 4
111296 5
111297 0
111297 1
111297 2
111297 3
111297 4
111298 0
111299 0
111299 1
111300 0
111300 1
111300 2
111300 3
111300 4
111300 5
111301 0
111301 1
111301 2
111301 3
111301 4
111301 5
111302 0
111302 1
111302 2
111302 3
111302 4
111302 5
111303 0
111303 1
111303 2
111303 3
111303 4
111303 5
111304 0
111304 1
111304 2
111304 3
111304 4
111304 5
111305 0
111305 1
111305 2
111305 3
111305 4
111305 5
111306 0
111306 1
111306 2
111306 3
111306 4
111307 0
111307 1
111307 2
111307 3
111307 4
111307 5
111308 0
111308 1
111308 2
111308 3
111308 4
111309 0
111309 1
111309 2
111309 3
111309 4
111310 0
111310 1
111310 2
111310 3
111310 4
111310 5
111311 0
111311 1
111311 2
111311 3
111311 4
111312 0
111313 0
111313 1
111313 2
111313 3
111313 4
111313 5
111314 0
111314 1
111314 2
111314 3
111314 4
111314 5
111315 0
111315 1
111316 0
111316 1
111316 2
111316 3
111316 4
111319 0
111319 1
111319 2
111319 3
111319 4
111319 5
111319 6
111320 0
111320 1
111320 2
111320 3
111320 4
111321 0
111321 1
111321 2
111321 3
111321 4
111321 5
111321 6
111332 0
111332 1
111332 2
111333 0
111333 1
111333 2
111334 0
111334 1
111334 2
111335 0
111335 1
111335 2
111336 0
111336 1
111336 2
111337 0
111337 1
111337 2
111338 0
111338 1
111338 2
111339 0
111340 0
111340 1
111341 0
111341 1
111341 2
111342 0
111342 1
111342 2
111343 0
111343 1
111343 2
111344 0
111344 1
111344 2
111345 0
111345 1
111345 2
111346 0
111346 1
111346 2
111347 0
111347 1
111347 2
111348 0
111348 1
111348 2
111349 0
111349 1
111349 2
111350 0
111350 1
111350 2
111351 0
111351 1
111352 0
111352 1
111353 0
111353 1
111353 2
111354 0
111354 1
111354 2
111355 0
111355 1
111355 2
111356 0
111364 0
111364 1
111365 0
111366 0
111366 1
111366 2
111367 0
111367 1
111367 2
111368 0
111368 1
111369 0
111369 1
111369 2
111370 0
111370 1
111370 2
111371 0
111371 1
111371 2
111372 0
111372 1
111372 2
111373 0
111373 1
111373 2
111374 0
111374 1
111374 2
111375 0
111375 1
111375 2
111376 0
111376 1
111376 2
111377 0
111377 1
111377 2
111378 0
111378 1
111378 2
111379 0
111380 0
111381 0
111381 1
111381 2
111382 0
111382 1
111382 2
111383 0
111383 1
111383 2
111384 0
111384 1
111384 2
111385 0
111385 1
111385 2
111386 0
111386 1
111386 2
111387 0
111387 1
111387 2
111388 0
111391 0
111391 1
111391 2
111392 0
111392 1
111392 2
111393 0
111393 1
111393 2
111394 0
111394 1
111394 2
111395 0
111395 1
111395 2
111396 0
111396 1
111396 2
111397 0
111397 1
111397 2
111398 0
111398 1
111398 2
111399 0
111399 1
111399 2
111400 0
111400 1
111400 2
111401 0
111401 1
111401 2
111402 0
111402 1
111402 2
111403 0
111403 1
111403 2
111404 0
111404 1
111404 2
111405 0
111405 1
111405 2
111406 0
111406 1
111406 2
111407 0
111407 1
111407 2
111408 0
111408 1
111408 2
111409 0
111409 1
111409 2
111410 0
111410 1
111410 2
111411 0
111411 1
111411 2
111412 0
111412 1
111412 2
111413 0
111413 1
111413 2
111414 0
111414 1
111414 2
111415 0
111415 1
111416 0
111416 1
111416 2
111417 0
111418 0
111418 1
111418 2
111419 0
111419 1
111419 2
111420 0
111421 0
111421 1
111421 2
111422 0
111422 1
111422 2
111423 0
111423 1
111423 2
111424 0
111424 1
111424 2
111425 0
111425 1
111425 2
111426 0
111426 1
111426 2
111427 0
111427 1
111427 2
111428 0
111428 1
111428 2
111429 0
111429 1
111429 2
111430 0
111430 1
111430 2
111431 0
111431 1
111431 2
111432 0
111432 1
111432 2
111433 0
111433 1
111433 2
111434 0
111434 1
111434 2
111435 0
111435 1
111435 2
111436 0
111436 1
111436 2
111436 3
111437 0
111437 1
111437 2
111438 0
111438 1
111438 2
111439 0
111439 1
111439 2
111440 0
111440 1
111440 2
111441 0
111441 1
111441 2
111442 0
111442 1
111442 2
111443 0
111443 1
111443 2
111444 0
111444 1
111444 2
111445 0
111445 1
111445 2
111446 0
111446 1
111446 2
111447 0
111447 1
111447 2
111448 0
111448 1
111448 2
111449 0
111449 1
111449 2
111450 0
111450 1
111450 2
111451 0
111451 1
111451 2
111452 0
111452 1
111452 2
111453 0
111453 1
111453 2
111454 0
111454 1
111454 2
111454 3
111455 0
111455 1
111455 2
111456 0
111456 1
111456 2
111457 0
111457 1
111457 2
111458 0
111458 1
111458 2
111459 0
111459 1
111459 2
111460 0
111460 1
111460 2
111461 0
111461 1
111461 2
111462 0
111462 1
111462 2
111463 0
111463 1
111464 0
111464 1
111464 2
111465 0
111465 1
111465 2
111466 0
111466 1
111466 2
111467 0
111472 0
111473 0
111473 1
111473 2
111474 0
111474 1
111474 2
111475 0
111475 1
111475 2
111476 0
111476 1
111476 2
111477 0
111477 1
111478 0
111478 1
111478 2
111479 0
111479 1
111479 2
111577 0
111577 1
111577 2
111578 0
111578 1
111578 2
111579 0
111580 0
111580 1
111580 2
111581 0
111581 1
111581 2
111582 0
111582 1
111582 2
111583 0
111583 1
111583 2
111584 0
111584 1
111584 2
111585 0
111585 1
111585 2
111586 0
111586 1
111586 2
111587 0
111587 1
111587 2
111588 0
111588 1
111588 2
111589 0
111589 1
111589 2
111590 0
111590 1
111590 2
111591 0
111591 1
111591 2
111592 0
111593 0
111593 1
111593 2
111594 0
111594 1
111594 2
111595 0
111595 1
111595 2
111596 0
111597 0
111597 1
111597 2
111598 0
111598 1
111598 2
111599 0
111599 1
111599 2
111600 0
111600 1
111600 2
111601 0
111601 1
111601 2
111602 0
111602 1
111602 2
111603 0
111603 1
111603 2
111603 3
111604 0
111604 1
111604 2
111605 0
111605 1
111605 2
111606 0
111606 1
111606 2
111607 0
111607 1
111607 2
111608 0
111608 1
111608 2
111609 0
111609 1
111609 2
111610 0
111610 1
111610 2
111611 0
111611 1
111611 2
111612 0
111612 1
111612 2
111613 0
111613 1
111613 2
111614 0
111614 1
111614 2
111615 0
111615 1
111615 2
111616 0
111616 1
111616 2
111617 0
111617 1
111617 2
111618 0
111618 1
111618 2
111619 0
111619 1
111619 2
111620 0
111623 0
111624 0
111624 1
111624 2
111625 0
111625 1
111625 2
111626 0
111626 1
111626 2
111627 0
111627 1
111627 2
111628 0
111628 1
111628 2
111629 0
111629 1
111629 2
111631 0
111631 1
111631 2
111632 0
111632 1
111632 2
111633 0
111633 1
111633 2
111634 0
111634 1
111634 2
111635 0
111635 1
111635 2
111636 0
111636 1
111636 2
111637 0
111637 1
111637 2
111638 0
111638 1
111638 2
111638 3
111639 0
111639 1
111639 2
111640 0
111640 1
111640 2
111641 0
111641 1
111647 0
111647 1
111647 2
111648 0
111648 1
111648 2
111649 0
111649 1
111649 2
111650 0
111650 1
111650 2
111651 0
111652 0
111652 1
111652 2
111653 0
111653 1
111655 0
111655 1
111655 2
111656 0
111656 1
111656 2
111657 0
111657 1
111657 2
111658 0
111658 1
111658 2
111659 0
111659 1
111659 2
111660 0
111660 1
111660 2
111661 0
111661 1
111661 2
111662 0
111662 1
111662 2
111663 0
111663 1
111663 2
111664 0
111664 1
111664 2
111665 0
111665 1
111665 2
111666 0
111666 1
111666 2
111667 0
111668 0
111668 1
111668 2
111669 0
111669 1
111669 2
111670 0
111670 1
111670 2
111671 0
111671 1
111671 2
111672 0
111672 1
111672 2
111673 0
111673 1
111673 2
111674 0
111674 1
111674 2
111675 0
111675 1
111675 2
111676 0
111676 1
111676 2
111677 0
111677 1
111677 2
111678 0
111678 1
111678 2
111679 0
111679 1
111679 2
111680 0
111680 1
111680 2
111681 0
111683 0
111683 1
111683 2
111684 0
111684 1
111684 2
111685 0
111685 1
111685 2
111686 0
111686 1
111686 2
111687 0
111687 1
111687 2
111688 0
111689 0
111689 1
111689 2
111690 0
111691 0
111692 0
111693 0
111693 1
111693 2
111694 0
111694 1
111694 2
111695 0
111695 1
111695 2
111696 0
111696 1
111696 2
111697 0
111697 1
111697 2
111738 0
111738 1
111738 2
111739 0
111739 1
111739 2
111740 0
111740 1
111740 2
111741 0
111741 1
111744 0
111744 1
111744 2
111745 0
111745 1
111745 2
111746 0
111746 1
111746 2
111747 0
111747 1
111747 2
111748 0
111748 1
111748 2
111748 3
111749 0
111749 1
111749 2
111750 0
111750 1
111750 2
111751 0
111751 1
111751 2
111751 3
111752 0
111752 1
111752 2
111753 0
111753 1
111753 2
111754 0
111754 1
111754 2
111754 3
111755 0
111755 1
111755 2
111756 0
111756 1
111756 2
111757 0
111758 0
111758 1
111758 2
111759 0
111759 1
111759 2
111760 0
111760 1
111760 2
111761 0
111761 1
111761 2
111762 0
111762 1
111762 2
111763 0
111763 1
111763 2
111764 0
111764 1
111764 2
111765 0
111765 1
111765 2
111766 0
111766 1
111766 2
111767 0
111767 1
111767 2
111768 0
111770 0
111770 1
111770 2
111771 0
111771 1
111771 2
111772 0
111772 1
111772 2
111773 0
111773 1
111773 2
111773 3
111774 0
111774 1
111774 2
111775 0
111775 1
111775 2
111776 0
111776 1
111776 2
111777 0
111777 1
111777 2
111778 0
111778 1
111778 2
111779 0
111779 1
111780 0
111780 1
111780 2
111781 0
111781 1
111781 2
111782 0
111782 1
111782 2
111783 0
111783 1
111783 2
111784 0
111784 1
111785 0
111785 1
111785 2
111786 0
111787 0
111787 1
111787 2
111788 0
111790 0
111790 1
111790 2
111791 0
111791 1
111791 2
111792 0
111792 1
111792 2
111793 0
111793 1
111793 2
111794 0
111794 1
111794 2
111795 0
111795 1
111795 2
111796 0
111796 1
111796 2
111797 0
111797 1
111797 2
111798 0
111798 1
111798 2
111799 0
111799 1
111799 2
111800 0
111800 1
111800 2
111801 0
111801 1
111801 2
111802 0
111802 1
111802 2
111803 0
111803 1
111803 2
111804 0
111804 1
111804 2
111805 0
111805 1
111805 2
111806 0
111806 1
111806 2
111807 0
111807 1
111807 2
111808 0
111808 1
111808 2
111809 0
111809 1
111809 2
111810 0
111810 1
111810 2
111811 0
111812 0
111812 1
111812 2
111813 0
111813 1
111813 2
111814 0
111814 1
111814 2
111815 0
111815 1
111815 2
111816 0
111816 1
111816 2
111817 0
111818 0
111818 1
111818 2
111819 0
111819 1
111819 2
111820 0
111820 1
111820 2
111822 0
111822 1
111822 2
111822 3
111823 0
111823 1
111823 2
111824 0
111824 1
111824 2
111825 0
111825 1
111825 2
111826 0
111826 1
111826 2
111827 0
111827 1
111827 2
111828 0
111828 1
111828 2
111829 0
111829 1
111829 2
111830 0
111830 1
111830 2
