111221
111222
111223
111224
111225
111226
111227
111228
111229
111230
111231
111232
111233
111234
111235
111236
111237
111238
111239
111240
111241
111242
111243
111244
111245
111246
111247
111248
111249
111250
111251
111252
111253
111254
111255
111256
111257
111258
111259
111260
111261
111262
111263
111267
111268
111269
111270
111271
111272
111273
111274
111275
111276
111277
111278
111280
111281
111282
111283
111284
111285
111286
111287
111288
111289
111290
111291
111294
111295
111296
111297
111298
111299
111300
111301
111302
111303
111304
111305
111306
111307
111308
111309
111310
111311
111312
111313
111314
111315
111316
111319
111320
111321
111332
111333
111334
111335
111336
111337
111338
111339
111340
111341
111342
111343
111344
111345
111346
111347
111348
111349
111350
111351
111352
111353
111354
111355
111356
111364
111365
111366
111367
111368
111369
111370
111371
111372
111373
111374
111375
111376
111377
111378
111379
111380
111381
111382
111383
111384
111385
111386
111387
111388
111391
111392
111393
111394
111395
111396
111397
111398
111399
111400
111401
111402
111403
111404
111405
111406
111407
111408
111409
111410
111411
111412
111413
111414
111415
111416
111417
111418
111419
111420
111421
111422
111423
111424
111425
111426
111427
111428
111429
111430
111431
111432
111433
111434
111435
111436
111437
111438
111439
111440
111441
111442
111443
111444
111445
111446
111447
111448
111449
111450
111451
111452
111453
111454
111455
111456
111457
111458
111459
111460
111461
111462
111463
111464
111465
111466
111467
111472
111473
111474
111475
111476
111477
111478
111479
111577
111578
111579
111580
111581
111582
111583
111584
111585
111586
111587
111588
111589
111590
111591
111592
111593
111594
111595
111596
111597
111598
111599
111600
111601
111602
111603
111604
111605
111606
111607
111608
111609
111610
111611
111612
111613
111614
111615
111616
111617
111618
111619
111620
111623
111624
111625
111626
111627
111628
111629
111631
111632
111633
111634
111635
111636
111637
111638
111639
111640
111641
111647
111648
111649
111650
111651
111652
111653
111655
111656
111657
111658
111659
111660
111661
111662
111663
111664
111665
111666
111667
111668
111669
111670
111671
111672
111673
111674
111675
111676
111677
111678
111679
111680
111681
111683
111684
111685
111686
111687
111688
111689
111690
111691
111692
111693
111694
111695
111696
111697
111738
111739
111740
111741
111744
111745
111746
111747
111748
111749
111750
111751
111752
111753
111754
111755
111756
111757
111758
111759
111760
111761
111762
111763
111764
111765
111766
111767
111768
111770
111771
111772
111773
111774
111775
111776
111777
111778
111779
111780
111781
111782
111783
111784
111785
111786
111787
111788
111790
111791
111792
111793
111794
111795
111796
111797
111798
111799
111800
111801
111802
111803
111804
111805
111806
111807
111808
111809
111810
111811
111812
111813
111814
111815
111816
111817
111818
111819
111820
111822
111823
111824
111825
111826
111827
111828
111829
111830
