--------[ 2018-10-30 00:00:00 -0500 ]
R.a2.TFlag = 1

--------[ 2018-08-08 00:00:00 -0500 ]
R.a2.npmt = 26
#-- Crate, Slot,1st,Last chans, Beg Cher chan, board ID comment ----------------------------
R.a2.detmap = 
  20   18    8     15     1   250
  20   17    0     15     9   250
  20   15    14    15     25  250
  2    11    16    31     1   1877
  2    11    0     9      17  1877
R.a2.position =  0.0  0.0  2.49
R.a2.size =  1.00  0.40  0.30
R.a2.tdc.offsets =  0.0  0.0  0.0  0.0  0.0  0.0  0.0  0.0  0.0  0.0  0.0  0.0  0.0  0.0  0.0  0.0  0.0  0.0  0.0  0.0  0.0  0.0  0.0  0.0  0.0  0.0
R.a2.adc.pedestals = 11708 10136 11201 10306 10438 12489 10662 10233 11477 12396 10057 11363 10436 17180 10832 11492 9712 12869 10352 11003 12669 10271 9575 11450 15909 15497
R.a2.adc.gains = 0.003029 0.002986 0.00293 0.002223 0.003058 0.002088 0.00272 0.003149 0.003078 0.002432 0.002341 0.002562 0.003006 0.002825 0.003232 0.003215 0.003135 0.002772 0.002634 0.002509 0.002597 0.002956 0.003112 0.002537 0.003041 0.002107
R.a2.NPED = 15
R.a2.NSA = 15
R.a2.NSB = 2
R.a2.Win = 55
R.a2.TFlag = 0
